image: laberintoGRANDE.pgm
resolution: 0.100000
origin: [-14.2500, -14.2500, 0.000000]
negate: 0
occupied_thresh: 0.65
free_thresh: 0.196
